15220750167
15059071447
14585603273
15918236366
15192115059
15565688105
13655653605
13790649485
15294985584
17642893668
18494578802
15282608670
15877596882
15618412656
17858002299
18658201270
15017079809
18663582917
14762446613
13297165260
13085748249
17336161925
15532527491
15236454747
17865001964
17746093028
14711106147
13513126159
14531325064
13961687800
17714735013
14787472094
15867241669
14922850288
15284922075
15098774471
18295017166
18754715635
17076313417
18425207609
18920647058
18980723759
15137619753
14970122629
14921390743
18136468987
17331914912
13525771404
14565733881
15818723342
18377964122
14580223985
14959939816
15261346082
15255291288
17025142458
13396753691
14747509513
15315286727
17366801034
14921887781
13176518203
13245701189
14921970067
17793656728
17316715270
14779424993
17761874443
17665756756
18015961166
17622379276
14542582374
18137687350
13731385618
15039719989
13843328687
17172990223
15085034520
14723476564
13135246306
14717987605
13675942993
18393920479
14954543922
17716604058
18252621407
18023888926
17662660660
14910377405
18585995686
13387268819
13415300094
13254674385
18193341332
17822554691
18438801196
17224588191
15896388772
14995830115
15543159316
13844328223
18380730227
18919186230
15369521299
18054254234
13513444497
15866909897
14551689063
14772060852
17078135563
15992292790
15799281883
17379139762
14980015085
18545374364
15687965803
14717711276
18816473095
14583278390
13913810706
14551485583
18456086536
14925580372
18220101478
15150836349
15726170939
15217927653
13712120657
13198689014
17213548473
15764331341
14917822671
17213896173
13130371197
13020740986
17368357160
13596856095
17787994574
13097644602
15048817769
13886171715
14966956899
15913913666
15264676367
14734131912
18975224301
14728881709
15166344561
13047414013
17782101632
13720588383
13688029953
14990943868
14994478020
18067459833
18423748167
14762204332
18373180820
17775452065
14919110058
17149224478
15574256262
18137129701
17791587322
17761363953
18073319848
13621667814
17191208133
15524241352
18432481431
15785618847
17044316938
13846024974
14927510148
18784445987
17778841894
14554556442
14715748795
13075560662
13322956284
15250358001
13876967222
15053077391
15613207238
13988728467
17085649360
18965896156
15540503591
15645380065
14774764833
18144840335
15816624297
15137566621
18314394405
13163453405
15598098329
14572209003
17146713953
14945900934
17250115836
13717255237
14592182485
14999356413
13449867307
18271833012
14572733698
17579808102
14922808842
18286973934
17760634786
18056887499
13310219288
13380087454
13735396369
15053241906
18449149555
14926861804
14756152795
13441007497
14558725670
18320197273
15885792436
18650426006
14523014648
13227664342
18764159364
15315626147
17680208820
17275619165
13532809217
15650611272
14932632172
14796671353
18468243247
15382337158
15852510120
15685885949
13365739496
17281667914
18687182540
14563978369
14923019660
17362918058
14714937622
15953553055
18360476718
15756643443
14935026512
15026641808
17858086539
14960916716
14954511475
14571712582
14995665703
14523883835
18790670528
17813009813
15517824904
14530086829
15246046644
17683241313
14712683678
17196287573
18319844900
17846263705
15119624502
18822164288
15312475675
17512748573
17545600802
17834949826
18928048584
17756243505
17869570979
15754168620
14769389022
17782360825
17615967790
14580431608
18596121041
13533964340
13112701378
15055791594
15072768805
17618221908
15156332838
14976169441
14995910153
14711110052
13486575473
18349265762
13124113337
17034370008
14544259867
13123105465
15537890654
13374584616
18927281276
17091918052
13546245378
18416243177
15552121602
13149198230
15649922579
14717266566
17620430167
14725298964
15915946339
15081333995
13320086938
13033182444
14731117519
15576712448
14781790290
13060653030
14553038039
17635515239
18668281435
18432624096
17684072270
15382659609
18965785030
13643998283
15273878515
13610407492
17280154266
17834288741
14962019767
17196790082
15510406056
17016386571
14577159808
14788290743
15593725378
15738905648
18347887059
13180244909
17112166591
17081349071
15189533186
17522851080
13785985516
13552322179
14949352090
15555435024
15182111889
18149227150
15564024156
17223820894
13616717781
18796575326
13346588345
13495241934
15981799561
14966567181
18928621850
18544284491
17853780955
13362163511
15263112671
15274630634
14959818761
14777321912
15924363028
14745873155
14962666465
13936902015
17678050746
18945265841
13187704061
18862746189
18969659331
18454173047
13939354228
13331300797
15566708695
18425093035
17292186159
17577902150
13613261705
13885805013
17863949445
14781512359
18827316740
18593155657
17730343042
18538903577
13546829804
15110366615
13716218657
15549934136
14526629665
18448836155
13977891357
17672303336
13040021314
18680610137
13718632850
13552254315
14743747397
15539754585
17357503353
18958086363
18382919292
15759481307
17771367559
15080693411
17010338976
14591894143
15349648411
15848887061
14965721647
17767798335
15954966152
14713723566
15911681679
18861278914
15074980228
18256420013
18688826049
17073892843
18211917709
14954034569
13418576755
15873789753
13346758676
18347214525
17220199454
17656897846
17257867345
15710921073
14789390086
17124162019
13786758020
13526433538
18943206978
13348255220
14918649646
18093207384
18596062017
13486280724
13179100372
18792313555
14796747986
17557329786
17230229096
17282597710
13991265560
13835922365
13289966126
18269032319
15533051516
17245165209
17768889271
13871707647
13660003226
14943919681
14923435452
17550523226
18726260144
18152099329
14753330283
14546983532
15947759587
14773589874
15037315527
18821693258
18452025000
13625545682
13367092836
14931544832
18031243371
17094762337
14951226137
14584370017
14756942663
17019314905
17045964399
17036516546
14983317625
18218442453
18363921691
18964090548
15373075467
17546884171
17640141786
15821806638
15812808124
18344503180
15241956302
14986807431
14556626336
18090036929
15316470630
15299379887
13378730092
18154189146
15670953894
15612453277
18664158599
14988942889
14522282965
13567312029
18679037726
17618785346
18519497412
13423525226
15718279373
13481130926
18932669287
15941305330
14587470860
18237053352
17851342761
17635747818
15829040805
13079660879
18472721422
15353441331
14778199529
15376045059
14781059455
17038133626
15042554991
14725122471
13680460172
13250951914
15189176879
15832305709
13767652111
13726900139
18139971515
13296378081
17810933378
13983678135
15852566294
15594839638
14719293229
17375289911
17358835093
14594499750
17359344504
15290217177
18475815540
13774673242
15048934870
15053605745
18720841739
13243359761
13835335040
15035829808
13766961321
17560546762
15717760628
13030939620
18455081409
15791867898
17580925256
14741896014
17072079648
17096292119
13688435837
15044933867
17643544543
15116430711
13395652227
13198260055
17774198159
15541361065
18665414533
17025067766
14591428105
15768214918
17521728235
14725335225
18110421908
18610755235
15522808765
14595295356
18181688289
13344525518
17680817665
14935514780
18796952897
13467449160
13064517907
17690256089
13647291987
17618105490
14989652462
18075930572
14768682941
15121445673
15925404308
15387319696
13779341609
15077614586
17030275284
15045358968
13967637765
13440526705
17369045633
15766364415
14764583412
13793606466
15729068228
15118150005
18269344940
15994264283
18478020310
18928376492
14517643813
14767657200
15712343429
18453483660
14796850538
14771472712
13289109399
18936939267
13784521711
13364615826
13638425239
13214793050
17884401566
17560136765
14575316845
17618502020
15893456202
13635427331
15158269458
17224370925
17846706437
18612637942
13882098656
13137274003
13376150764
17323294372
17763718225
17893795095
15974042960
18981971441
14982772195
17625863115
18137526484
18099349748
13719308679
14760892708
13439408008
17377313452
14918251590
14552964695
13356075424
17741170398
17212669799
18187157515
15020915581
17130949444
14728571767
14543488700
17791766397
18770556072
14988692075
18044869049
18844765612
18691431109
17120867188
14593813602
17236538618
15390295061
15969698227
14598957385
13918643665
18094067643
18564960258
15161022391
13493565687
18916845695
14969915981
17857667086
15519291079
14971948596
14959109244
17215564786
14587551384
17842434822
17264469017
18742767357
13276931320
17862571575
17155924360
18880857651
15218496105
18634679525
17651208172
13654352081
18781932444
15351787160
15333805315
14739019097
18272439619
14549081847
17185936865
18469781507
14953195780
18063253548
18636333662
18697410968
14539440158
18176636983
13810798908
13878446440
13215775578
18078644056
13353057310
14953571686
15112583440
17314110785
18481929399
14768475585
17184593560
18663503458
14594980843
17312784773
14975051404
13014912264
14525260603
13380480097
18492095998
14969823617
14715948715
15855613175
17159335856
17143559495
13689641116
15158090264
15185401718
18756435541
13132607029
13211046499
13538394730
17215253107
13490943376
17577252333
18516963801
17849507418
17145590206
13947673601
13197288423
14719330859
15344105383
14915905167
13199089513
17822851694
13612988060
17574679207
17773488946
17048393880
13851322434
17799514256
13461606255
15660070393
14756330396
13696808664
14969046058
18492137736
15838437277
15218691001
15369662668
14910542737
15597014652
18067207019
18836969929
14524556225
13124798056
15364156275
15320489718
13965562358
15867439231
15057362145
18880866890
14710217661
13810474657
14971259222
14779525136
18188414550
17239079995
15393210618
18132149866
13778320018
15586801269
15294847870
15557101302
17042090066
18826473535
13242244334
17725517121
17197341199
13564891099
15744290271
17040262937
15316523493
17058221677
15291951761
14981518142
14717539452
15819259164
18259878000
15783181748
13590753288
18386545907
14927980704
17780996560
14951745247
18155400621
13188225752
13984705004
15031196121
17875945104
18344029699
13987344967
17266185225
15365755915
18559899911
15766831831
15572122691
14719103016
17296716588
15081827215
13365100847
15634704432
18826668692
17069496734
13892255520
18273313833
14994190177
17386671526
15769744710
17818378724
14726940831
13540995468
14532965671
17152893652
17873550679
14533158836
13029844066
14959493808
13459808536
15178631828
18140022634
17289155992
15582486262
17690506874
14939591382
18146229625
18197955331
15114009850
15577727962
14584534829
17316895038
18936046853
14754094286
14715025395
14987784747
17270940243
15968454091
17248700887
18454877054
15316948965
14531615931
14718207997
18539620704
18658578883
17512542267
13463288719
18870772209
17187805420
13786952945
17080511467
13230214359
13360095309
18396359460
18099253305
18316807279
17072193801
13597028819
14737009083
17029775631
17134072877
14748028825
14529914464
17560351079
17272293062
14793348270
13121119629
17324482621
18914938564
13886950504
18372576111
18535301508
18683018296
14523270209
18417653789
18069156274
15397721186
15068728297
14922782681
17334319176
18087323173
13982707017
17257325780
17563142255
18418451407
14563013414
18094308986
18279060812
14524330999
17271222970
15994623293
14792166612
15216999180
17144846187
14553641542
15013241225
13548598029
18398983851
14971490311
17033372289
14582461743
13978609916
13484525217
14714983375
18593950801
17651548590
17065410639
13438547447
18255713601
15173160998
14590265986
15253533362
13537803097
17639349824
14776864558
15842816620
15322884142
17341619260
13760153468
15767895069
17074562680
18762539095
17724155720
15948346029
15181717061
13482507722
18312658489
17061048978
15224905880
18831222854
17059265913
14788086048
17071101996
17385766969
14740057954
14723020146
14594538436
13492607251
18818763334
13380353990
13726935472
13947680775
14933153154
13894423478
17052677126
18138431428
14923654606
18263617205
18581194792
13074071785
17133408135
14961346940
17622930579
17119125462
13716395643
15378339409
18971341569
14758056710
18490446974
15037970514
18889279062
13134367556
17888874173
18332764563
15324827801
18115400656
13498502306
15769336982
14978458599
14918545608
18225899898
14737463516
